index	Actinobacteriota	Bacteroidota	Firmicutes	Proteobacteria	Others
A001	5.538554217	40.38433735	49.22771084	1.986746988	2.862650602
A002	2.428915663	45.84337349	50.26626506	0.845783133	0.615662651
A003	2.371084337	38.84216867	57.13855422	0.946987952	0.701204819
A004	4.018072289	41.86987952	49.14096386	1.768674699	3.202409639
A005	4.880722892	30.11084337	61.16626506	2.457831325	1.384337349
A006	5.408433735	36.48795181	53.86024096	2.546987952	1.696385542
A007	2.692771084	30.20120482	65.05783133	1.474698795	0.573493976
A008	2.746987952	39.65903614	56.22409639	0.908433735	0.461445783
A009	5.618072289	23.85783133	62.75301205	3.868674699	3.902409639
A010	8.881927711	26.68192771	58.00240964	2.728915663	3.704819277
A011	5.820481928	39.2939759	51.2	1.36626506	2.319277108
A012	2.831325301	52.93855422	42.83614458	0.83373494	0.560240964
A013	5.657831325	28.84819277	60.28674699	1.789156627	3.418072289
A014	4.46746988	36.50722892	54.8253012	2.268674699	1.931325301
A015	2.426506024	54.3	42.08554217	0.659036145	0.528915663
A016	2.55060241	47.38554217	48.82771084	0.760240964	0.475903614
A017	4.465060241	51.75421687	41.40722892	1.651807229	0.721686747
A018	3.257831325	43.28072289	51.42289157	1.039759036	0.998795181
A019	4.668674699	41.26746988	51.3939759	1.354216867	1.315662651
A020	5.930120482	45.44457831	42.91084337	2.721686747	2.992771084
A021	5.427710843	61.34216867	30.59156627	1.556626506	1.081927711
A022	3.645783133	62.2686747	32.12771084	1.346987952	0.610843373
A023	3.451807229	51.74216867	41.66746988	1.422891566	1.715662651
A024	4.248192771	52.84819277	40.63012048	1.571084337	0.702409639
A025	5.398795181	36.0746988	56.30481928	1.257831325	0.963855422
A026	5.963855422	28.2746988	57.10481928	1.636144578	7.020481928
A027	3.890361446	39.31807229	53.86746988	1.325301205	1.598795181
A028	4.756626506	37.03253012	53.60843373	1.93253012	2.669879518
A029	11.31325301	39.84578313	46.76746988	1.137349398	0.936144578
A030	8.391566265	44.62289157	44.95180723	1.219277108	0.814457831
A034	9.43253012	33.20120482	50.21084337	3.686746988	3.468674699
A035	9.486746988	34.45542169	50.19879518	4.420481928	1.438554217
A036	2.328915663	31.78554217	63.69879518	0.909638554	1.277108434
A037	8.160240964	32.67590361	57.32771084	1.021686747	0.814457831
A038	4.43253012	32.81927711	58.16506024	1.437349398	3.145783133
A039	8.895180723	22.58795181	58.99036145	2.83253012	6.693975904
A040	8.471084337	30.25301205	54.22771084	3.465060241	3.58313253
A041	7.278313253	26.94096386	57.05783133	3.08313253	5.639759036
A042	8.192771084	31.73012048	55.48313253	3.306024096	1.287951807
A043	5.921686747	36.44819277	52.3313253	2.539759036	2.759036145
A044	2.78313253	32.9060241	61.95421687	1.107228916	1.24939759
A045	2.262650602	37.20361446	57.67108434	1.302409639	1.560240964
A046	12.01084337	29.50722892	51.80361446	4.315662651	2.362650602
A048	4.930120482	23.55421687	67.78313253	1.848192771	1.884337349
A049	5.184337349	26.09036145	57.6373494	1.889156627	9.198795181
A050	5.648192771	35.7	53.32168675	2.304819277	3.025301205
A051	4.448192771	14.28433735	76.52289157	1.745783133	2.998795181
A052	6.754216867	14.38554217	72.31445783	2.693975904	3.851807229
A053	5.291566265	24.85783133	61.41325301	3.178313253	5.259036145
A054	7.873493976	32.0253012	53.39036145	5.140963855	1.569879518
A055	3.820481928	23.42168675	70.46987952	1.061445783	1.226506024
A056	6.004819277	19.0253012	69.83493976	2.508433735	2.626506024
A057	2.76626506	18.80843373	76.29156627	0.985542169	1.148192771
A058	2.408433735	13.46024096	81.6686747	1.310843373	1.151807229
A060	5.815662651	34.04096386	54.99036145	2.704819277	2.448192771
A061	5.077108434	37.45542169	54.67228916	1.690361446	1.104819277
A062	6.23253012	35.33253012	55.1	2.345783133	0.989156627
A063	4.921686747	30.1373494	60.92168675	2.436144578	1.58313253
A064	9.338554217	32.87710843	49.90722892	6.538554217	1.338554217
A065	8.860240964	32.63253012	48.44819277	4.977108434	5.081927711
A066	3.801204819	31.09036145	62.5746988	1.474698795	1.059036145
A067	6.379518072	22.10722892	65.25301205	2.410843373	3.84939759
A068	3.557831325	32.41084337	59.12771084	1.993975904	2.909638554
A069	5.048192771	29.50843373	61.79036145	2.098795181	1.554216867
A070	4.565060241	45.20722892	47.95903614	1.371084337	0.897590361
A071	2.628915663	42.53493976	51.11445783	1.121686747	2.6
A072	4.230120482	33.99036145	54.49759036	5.872289157	1.409638554
A073	2.243373494	38.47590361	57.04337349	1.175903614	1.061445783
A074	2.027710843	48.68554217	46.94337349	1.365060241	0.978313253
A075	3.112048193	27.46385542	65.2313253	2.559036145	1.63373494
A076	3.519277108	48.6313253	44.13493976	1.440963855	2.273493976
A077	4.107228916	51.60361446	40.87951807	2.107228916	1.302409639
A078	2.410843373	41.1	53.35542169	1.993975904	1.139759036
A079	4.320481928	23.2	67.28554217	2.042168675	3.151807229
A080	2.026506024	55.42289157	40.29518072	1.434939759	0.820481928
A081	3.830120482	48.84698795	43.55421687	1.507228916	2.261445783
A082	5.456626506	33.3	56.15301205	2.210843373	2.879518072
A083	2.56746988	39.48554217	55.30481928	1.475903614	1.16626506
A084	3.178313253	39.35180723	54.87108434	1.396385542	1.202409639
A085	6.342168675	33.02409639	57.91566265	1.481927711	1.236144578
A086	10.2060241	25.67831325	59.51566265	2.661445783	1.938554217
A087	7.025301205	36.38554217	50.25542169	1.845783133	4.487951807
A088	4.728915663	37.9746988	53.62289157	1.506024096	2.16746988
A089	7.289156627	23.67228916	65.8686747	1.812048193	1.357831325
A090	2.890361446	39.14578313	56.29277108	0.94939759	0.721686747
A091	3.827710843	34.45783133	59.14337349	1.404819277	1.16626506
A092	4.626506024	38.2626506	52.78433735	1.53373494	2.792771084
A094	14.84216867	18.59277108	60.89277108	3.280722892	2.391566265
A095	2.028915663	20.63012048	75.02409639	1.348192771	0.968674699
A096	14.16746988	29.2746988	49.9373494	2.081927711	4.538554217
A097	4.33373494	37.96144578	55.1	1.36746988	1.237349398
A098	5.445783133	35.67710843	56.8686747	1.18313253	0.825301205
A099	3.134939759	52.22409639	42.88674699	1.069879518	0.684337349
A100	3.731325301	54.57831325	40.12168675	0.878313253	0.690361446
A101	3.778313253	50.14698795	44.47951807	1.090361446	0.504819277
A102	5.043373494	39.6686747	53.50963855	1.008433735	0.769879518
A103	8.11686747	30.3	58.40481928	1.73253012	1.445783133
A104	4.551807229	42.48433735	51.40843373	0.857831325	0.697590361
A105	5.659036145	42.22289157	49.61204819	1.308433735	1.197590361
A106	4.33253012	50.91686747	42.76385542	1.037349398	0.94939759
A107	2.946987952	50.03614458	45.55542169	0.836144578	0.625301205
A108	5.097590361	53.06506024	39.25903614	1.71686747	0.861445783
A109	3.156626506	40.64939759	54.51084337	0.953012048	0.730120482
A110	7.554216867	40.71807229	49.68795181	1.201204819	0.838554217
A111	2.398795181	44.78433735	51.26746988	0.862650602	0.686746988
A112	3.609638554	51.05421687	43.41204819	1.307228916	0.61686747
A113	4.678313253	43.17349398	49.78313253	1.046987952	1.318072289
A114	7.493975904	34.74939759	55.02409639	1.561445783	1.171084337
A115	4.930120482	43.12409639	49.9626506	0.985542169	0.997590361
A116	1.322891566	52.93975904	44.78915663	0.542168675	0.406024096
A117	3.101204819	50.77951807	44.9060241	0.695180723	0.518072289
A118	2.497590361	49.39277108	45.85903614	1.787951807	0.462650602
A119	8.410843373	33.53373494	54.79759036	1.23253012	2.025301205
A120	2.992771084	48.29759036	47.18313253	1.013253012	0.513253012
A121	2.284337349	43.8	52.76024096	0.645783133	0.509638554
A122	3.256626506	47.2	48.2626506	0.596385542	0.684337349
A123	1.503614458	52.42289157	45.03012048	0.560240964	0.48313253
A124	3.613253012	41.68674699	53.45903614	0.657831325	0.58313253
A125	1.754216867	57.77710843	38.94457831	0.762650602	0.761445783
A126	2.514457831	46.50481928	49.17349398	1.131325301	0.675903614
B002	2.504819277	47.1939759	48.48915663	0.991566265	0.820481928
B003	1.998795181	57.50120482	39.14457831	0.656626506	0.698795181
B004	4.577108434	39.39156627	53.27710843	0.951807229	1.802409639
B005	2.971084337	30.2373494	64.93855422	0.802409639	1.05060241
B006	2.275903614	7.902409639	87.94578313	0.710843373	1.165060241
B007	1.560240964	11.21084337	85.88313253	0.512048193	0.83373494
B008	2.893975904	16.11686747	78.54939759	0.944578313	1.495180723
B009	1.259036145	29.27951807	68.08192771	0.640963855	0.738554217
B010	1.412048193	36.5626506	60.7373494	0.593975904	0.693975904
B012	1.381927711	38.39879518	58.31686747	0.836144578	1.06626506
B014	1.707228916	23.0746988	73.63855422	0.615662651	0.963855422
B015	1.848192771	35.98795181	60.38313253	0.768674699	1.012048193
B016	1.498795181	43.29036145	53.53614458	0.702409639	0.972289157
B017	3.475903614	29.82048193	63.1060241	0.731325301	2.86626506
B018	1.784337349	18.04698795	78.69638554	0.506024096	0.96626506
B019	1.73253012	38.75903614	56.91445783	1.021686747	1.572289157
B020	1.354216867	17.38192771	79.1	0.673493976	1.490361446
B021	1.740963855	25.25421687	71.51084337	0.628915663	0.865060241
B022	2.690361446	22.51325301	72.92289157	0.584337349	1.289156627
B023	3.226506024	38.83373494	55.8313253	0.889156627	1.219277108
B024	4.409638554	43.27349398	50.00963855	1.024096386	1.28313253
B025	3.036144578	31.64819277	63.38674699	0.707228916	1.221686747
B026	1.946987952	53.38192771	43.12771084	0.779518072	0.763855422
B027	1.856626506	30.42289157	66.50240964	0.63373494	0.584337349
B028	1.5	43.19156627	53.56626506	0.865060241	0.877108434
B029	0.913253012	26.1686747	71.58313253	0.622891566	0.712048193
B030	4.826506024	30.44096386	60.22168675	2.592771084	1.918072289
B031	2.678313253	29.57831325	65.64457831	0.772289157	1.326506024
B032	4.057831325	40.16024096	53.44939759	0.904819277	1.427710843
B033	6.025301205	37.45783133	53.16987952	1.490361446	1.856626506
B034	5.489156627	28.20843373	63.02048193	1.426506024	1.855421687
B035	3.124096386	28.35542169	65.54457831	1.144578313	1.831325301
B036	13.08795181	34.6626506	47.6253012	1.314457831	3.309638554
B037	2.469879518	17.71445783	77.35662651	0.896385542	1.562650602
B038	5.390361446	40.95783133	50.40481928	1.187951807	2.059036145
B039	4.409638554	40.32650602	51.21325301	1.708433735	2.342168675
B040	8.448192771	40.76385542	47.50361446	0.995180723	2.289156627
B041	4.301204819	19.49036145	73.31325301	0.968674699	1.926506024
B042	3.822891566	26.96144578	65.32771084	1.086746988	2.801204819
B043	4.902409639	29.84337349	61.53373494	1.325301205	2.395180723
B044	3.022891566	18.5373494	76.13493976	0.901204819	1.403614458
B045	2.079518072	37.6939759	57.54578313	0.961445783	1.719277108
B046	3.908433735	17.11084337	76.07590361	0.936144578	1.968674699
B047.2	4.977108434	29.52168675	59.7939759	1.744578313	3.962650602
B047	6.792771084	28.2939759	59.90481928	1.424096386	3.584337349
B048	12.90963855	18.21204819	63.41686747	2.690361446	2.771084337
B049	4.815662651	37.34939759	53.95783133	1.957831325	1.919277108
B050	9.186746988	21.53012048	63.91807229	2.779518072	2.585542169
B052	5.310843373	38.18433735	53.26987952	1.640963855	1.593975904
B053	4.195180723	40.95662651	50.85301205	1.954216867	2.040963855
B054	14.39879518	24.09759036	55.73373494	3.280722892	2.489156627
B055	6.381927711	24.10120482	63.89156627	2.181927711	3.443373494
B056	9.206024096	32.4373494	53.19036145	2.151807229	3.014457831
B057	5.18313253	26.24578313	60.7	4.020481928	3.85060241
B058	5.472289157	47.48674699	43.53373494	1.925301205	1.581927711
B059	6.293975904	25.43614458	61.07951807	2.607228916	4.58313253
B061	3.44939759	33.72289157	59.72650602	1.36746988	1.73373494
B063	6.15060241	43.60240964	47.04939759	1.460240964	1.737349398
B064	4.026506024	38.48674699	54.7746988	1.256626506	1.455421687
B065	2.231325301	48.69879518	46.55903614	1.074698795	1.436144578
B066	4.085542169	35.68433735	53.98313253	4.298795181	1.948192771
B067	2.821686747	42.81807229	51.92409639	1.253012048	1.18313253
B068	1.848192771	41.07349398	54.88072289	0.948192771	1.24939759
B069	5.042168675	38.36987952	52.89879518	1.836144578	1.853012048
B070	2.073493976	49.76024096	45.81686747	1.187951807	1.161445783
B071	5.504819277	36.46987952	52.2373494	4.107228916	1.680722892
B072	3.504819277	44.74096386	49.06626506	1.38313253	1.304819277
B073	5.320481928	39.77831325	51.66987952	1.413253012	1.818072289
B074	4.644578313	52.49277108	39.45662651	1.368674699	2.037349398
B075	1.768674699	39.09156627	57.05542169	0.996385542	1.087951807
B076	2.592771084	49.34698795	44.85783133	1.85060241	1.351807229
B077	3.359036145	34.09036145	59.48313253	1.637349398	1.430120482
B079	6.196385542	36.22650602	52.77590361	3.251807229	1.54939759
B080	1.775903614	49.23493976	46.9313253	1.027710843	1.030120482
B081	3.936144578	34.63614458	57.13012048	2.460240964	1.837349398
B082	5.274698795	43.38072289	45.95662651	3.671084337	1.71686747
B083	2.751807229	19.80843373	74.56024096	1.785542169	1.093975904
B084	4.493975904	46.94096386	43.30240964	3.927710843	1.334939759
B085	2.431325301	49.03855422	46.22168675	1.340963855	0.96746988
B086	2.348192771	16.39638554	79.29759036	1.002409639	0.955421687
B087	3.187951807	26.10361446	68.72891566	1.131325301	0.848192771
B088	4.943373494	32.17228916	60.05783133	1.595180723	1.231325301
B089	8.785542169	30.21566265	57.10722892	2.526506024	1.365060241
B090	8.802409639	34.94819277	48.89638554	5.856626506	1.496385542
B091	6.746987952	25.30722892	63.24698795	3.691566265	1.007228916
B092	3.946987952	31.54578313	61.41445783	2.279518072	0.813253012
B093	4.757831325	42.35783133	50.05542169	1.743373494	1.085542169
B094	3.503614458	26.47951807	67.86024096	1.25060241	0.906024096
B095	4.185542169	34.70361446	57.39759036	2.492771084	1.220481928
B096	4.954216867	40.87590361	49.94698795	3.102409639	1.120481928
B097	10.71807229	25.27831325	56.28433735	6.112048193	1.607228916
B098	4.428915663	38.38915663	48.3	7.275903614	1.606024096
B099	3.915662651	55.64457831	36.91807229	2.380722892	1.140963855
C001	4.690361446	23.59277108	64.01325301	5.607228916	2.096385542
C002	2.318072289	31.25662651	63.89156627	1.239759036	1.293975904
C003	9.746987952	33.72891566	45.86144578	9.062650602	1.6
C004	2.920481928	38.39036145	55.34578313	2.579518072	0.763855422
C005	3.580722892	36.20361446	55.09638554	3.897590361	1.221686747
C006	9.068674699	28.08915663	55.18795181	6.056626506	1.597590361
C007	4.118072289	16.35421687	75.26024096	3.031325301	1.236144578
C008	7.009638554	30.74819277	49.14216867	10.67831325	2.421686747
C009	7.772289157	18.21445783	68.25421687	3.819277108	1.939759036
C010	2.112048193	23.8373494	70.76746988	2.385542169	0.897590361
C011	4.875903614	34.00361446	55.4939759	4.814457831	0.812048193
C012	5.06746988	21.42289157	67.99879518	3.963855422	1.546987952
C013	4.579518072	34.45180723	53.90361446	6.008433735	1.056626506
C014	3.854216867	35.64096386	58.15903614	1.430120482	0.915662651
C015	5.938554217	31.7313253	49.07710843	11.83373494	1.419277108
C016	5.977108434	26.29156627	62.59277108	3.872289157	1.26626506
C018	12.5	15.4746988	67.05542169	1.772289157	3.197590361
C019	2.479518072	30.52168675	64.97590361	1.078313253	0.944578313
C021	4.174698795	26.24096386	66.25783133	1.024096386	2.302409639
C022	2.242168675	33.74096386	62.47951807	0.777108434	0.760240964
C023	3.785542169	21.2626506	71.65060241	0.928915663	2.372289157
C024	1.497590361	32.7	64.29879518	0.843373494	0.660240964
C025	5.872289157	30.85783133	58.30361446	3.793975904	1.172289157
C026	2.019277108	24.51566265	71.37951807	1.242168675	0.843373494
C027	4.842168675	18.52289157	71.80722892	1.560240964	3.26746988
C028	2.814457831	19.94819277	74.91566265	1.079518072	1.242168675
C029	4.637349398	28.45060241	63.60240964	0.956626506	2.353012048
C030	2.26746988	18.23855422	77.41927711	1.114457831	0.960240964
C033	8.303614458	22.4686747	62.22771084	2.553012048	4.446987952
C034	2.168674699	11.27951807	84.9686747	0.746987952	0.836144578
C035	6.891566265	46.7373494	40.60843373	4.427710843	1.334939759
C036	3.057831325	39.25542169	53.11325301	3.303614458	1.269879518
C037	4.507228916	22.68674699	70.01325301	1.972289157	0.820481928
C039	6.042168675	50.42409639	41.61686747	1.18313253	0.73373494
C040	8.374698795	31.15180723	59.00361446	0.815662651	0.654216867
C041	10.24939759	32.72409639	54.50963855	1.718072289	0.798795181
C042	5.920481928	44.59156627	47.47831325	1.185542169	0.824096386
C043	2.497590361	48.06385542	46.05662651	2.020481928	1.361445783
C044	9.138554217	29.7686747	55.10843373	4.55060241	1.43373494
C045	2.037349398	48.70240964	46.94578313	1.3	1.014457831
C046	5.845783133	49.94337349	39.55903614	3.806024096	0.845783133
C047	3.078313253	32.94578313	59.4373494	3.510843373	1.027710843
C048	1.322891566	41.3626506	56.13855422	0.43373494	0.742168675
C049	7.528915663	32.78072289	58.21686747	0.663855422	0.809638554
C050	4.745783133	39.3746988	54.42409639	0.795180723	0.660240964
C051	2.91686747	29.14698795	66.50240964	0.693975904	0.739759036
C053	2.756626506	60.94337349	34.67590361	0.890361446	0.73373494
C054	1.440963855	37.70722892	59.19036145	0.744578313	0.91686747
C055	2.256626506	44.10120482	51.05421687	1.296385542	1.291566265
C056	2.061445783	29.42771084	66.75180723	0.820481928	0.938554217
C057	2.271084337	46.86144578	48.84578313	0.884337349	1.137349398
C058	1.563855422	45.56746988	50.84819277	0.957831325	1.062650602
C060	11.20963855	26.64939759	60.32289157	0.94939759	0.868674699
C061	0.955421687	32.11325301	65.91445783	0.477108434	0.539759036
C062	11.60963855	38.11084337	47.32048193	1.720481928	1.238554217
C063	1.561445783	23.62771084	73.51325301	0.560240964	0.737349398
C064	7.434939759	33.4060241	57.25180723	0.885542169	1.021686747
C065	2.427710843	34.96506024	61.04337349	0.6	0.963855422
C066	7.292771084	49.7626506	40.9626506	1.013253012	0.968674699
C067	2.551807229	46.48915663	49.17951807	0.842168675	0.937349398
C068	3.998795181	37.84096386	56.15301205	0.930120482	1.077108434
C069	3.791566265	48.23493976	45.23253012	1.54939759	1.191566265
D001	6.144578313	50.57228916	40.14096386	1.46746988	1.674698795
D002	17.14578313	19.65301205	49.84578313	9.737349398	3.618072289
D003	2.338554217	47.37349398	48.35542169	0.7	1.23253012
D004	2.738554217	43.04457831	51.26385542	1.13373494	1.819277108
D005	2.48313253	40.36626506	55.94337349	0.734939759	0.472289157
D006	6.621686747	17.98795181	71.72891566	1.381927711	2.279518072
D007	12.45662651	21.73253012	58.47349398	2.297590361	5.039759036
D008	5.631325301	27.13975904	65.34337349	1.08313253	0.802409639
D009	3.74939759	34.46144578	59.15542169	0.997590361	1.636144578
D010	3.426506024	27.37108434	65.31927711	1.56746988	2.315662651
D011	5.043373494	40.28554217	51.46024096	1.301204819	1.909638554
D012	3.886746988	42.91445783	45.61807229	6.202409639	1.378313253
D013	2.46746988	45.18313253	49.28072289	2.098795181	0.969879518
D014	7.289156627	39.17228916	48.9373494	1.398795181	3.202409639
D015	4.625301205	26.18554217	65.64216867	1.389156627	2.157831325
D016	2.448192771	46.41566265	47.80481928	1.238554217	2.092771084
D017	3.246987952	42.97349398	52.13253012	0.942168675	0.704819277
D018	3.403614458	24.91927711	70.38674699	0.775903614	0.514457831
D019	5.2	34.05903614	53.37590361	5.912048193	1.453012048
D020	9.295180723	39.07831325	46.7686747	2.08313253	2.774698795
D021	5.439759036	34.78072289	58.15903614	0.926506024	0.693975904
D022	3.026506024	45.30722892	48.49036145	0.944578313	2.231325301
D023	4.945783133	47.50240964	44.66987952	1.178313253	1.703614458
D024	3.068674699	45.55060241	41.83975904	8.243373494	1.297590361
D025	7.027710843	31.14096386	56.6939759	2.340963855	2.796385542
D026	3.13253012	33.31686747	60.9253012	1.289156627	1.336144578
D027	3.297590361	44.46024096	49.48072289	1.114457831	1.646987952
D028	3.039759036	35.74819277	59.65542169	0.898795181	0.657831325
D029	2.745783133	46.16144578	45.40963855	3.638554217	2.044578313
D030	2.807228916	46.68313253	48.80722892	1.009638554	0.692771084
D032	1.553012048	61.04939759	35.95662651	0.659036145	0.781927711
D033	1.1	50.60240964	46.78433735	0.887951807	0.625301205
D034	7.091566265	45.26024096	40.77349398	2.615662651	4.259036145
D035	4.018072289	46.61566265	46.39277108	1.663855422	1.309638554
D036	2.760240964	48.9686747	46.05783133	1.326506024	0.886746988
D037	4.95060241	54.9939759	35.63373494	2.213253012	2.208433735
D038	5.639759036	50.7746988	39.6313253	1.610843373	2.343373494
D039	3.83253012	48.15180723	44.27590361	1.485542169	2.254216867
D040	7.148192771	40.54096386	48.28915663	2.173493976	1.848192771
D041	2.991566265	46.60361446	48.75662651	0.963855422	0.684337349
D042	5.618072289	51.44337349	39.76626506	1.472289157	1.7
D043	2.860240964	41.0060241	53.23614458	1.313253012	1.584337349
D044	2.503614458	32.7939759	61.8626506	1.027710843	1.812048193
D048	5.444578313	36.44096386	54.35903614	2.021686747	1.73373494
D049	3.559036145	46.32650602	47.47349398	1.239759036	1.401204819
D050	8.660240964	45.86506024	40.63493976	3.171084337	1.668674699
D051	4.430120482	45.25301205	46.6746988	1.354216867	2.287951807
D057	3.103614458	32.53975904	60.75662651	2.602409639	0.997590361
D058	8.375903614	34.1373494	51.80120482	3.628915663	2.056626506
D059	4.493975904	46.2746988	44.18192771	2.608433735	2.440963855
D060	4.091566265	53.46024096	39.34939759	1.804819277	1.293975904
D061	2.477108434	48.92168675	46.71084337	0.822891566	1.06746988
D062	3.571084337	57.66987952	35.69518072	1.119277108	1.944578313
D063	6.560240964	33.20843373	55.25903614	2.057831325	2.914457831
D064	4.703614458	43.46385542	47.01927711	1.781927711	3.031325301
D065	4.508433735	30.95542169	58.63253012	3.777108434	2.126506024
D066	9.748192771	37.83253012	48.82891566	2.014457831	1.575903614
D067	5.356626506	34.91927711	55.32048193	1.640963855	2.762650602
D068	8.345783133	28.33253012	56.25542169	3.977108434	3.089156627
D069	5.374698795	48.05903614	40.83253012	2.83253012	2.901204819
D070	3.628915663	38.76385542	51.43493976	2.801204819	3.371084337
D071	4.087951807	41.10963855	50.38072289	1.719277108	2.702409639
D072	3.359036145	22.62048193	70.36024096	2.351807229	1.308433735
D073	3.672289157	29.32168675	63.8060241	1.665060241	1.534939759
D074	4.534939759	19.90120482	70.8686747	1.902409639	2.792771084
D075	5.485542169	50.66024096	39.27951807	2.010843373	2.563855422
D076	3.295180723	34.74096386	59.80240964	0.94939759	1.212048193
D077	4.015662651	51.69879518	38.32650602	1.418072289	4.540963855
D078	2.808433735	23.77349398	70.76746988	0.987951807	1.662650602
D079	4.744578313	44.51566265	46.19518072	1.637349398	2.907228916
D080	5.414457831	43.52650602	47.45542169	1.539759036	2.063855422
D081	6.485542169	29.12409639	58.20963855	2.790361446	3.390361446
E001	4.554216867	44.28554217	49.52771084	0.709638554	0.922891566
E002	3.155421687	41.25903614	53.72891566	0.773493976	1.08313253
E003	3.639759036	22.96385542	70.41204819	1.238554217	1.745783133
E004	2.514457831	33.98915663	61.07349398	1.022891566	1.4
E005	1.619277108	51.6626506	44.96144578	1.040963855	0.715662651
E006	6.245783133	29.83253012	59.4939759	2.057831325	2.369879518
E007	4.748192771	35.61445783	52.76987952	2.130120482	4.737349398
E008	5.461445783	43.59277108	47.78674699	1.665060241	1.493975904
E009	7.43253012	33.94698795	53.6253012	2.234939759	2.760240964
E010	5.01686747	50.75180723	41.90361446	0.960240964	1.36746988
E011	3.624096386	48.47710843	44.43493976	1.075903614	2.387951807
E012	2.579518072	46.98795181	47.31084337	2.025301205	1.096385542
E014	5.322891566	36.95060241	53.52891566	3.001204819	1.196385542
E015	3.701204819	40.99036145	52.83614458	1.290361446	1.181927711
E016	2.614457831	51.68795181	43.69638554	0.722891566	1.278313253
E017	3.774698795	41.58433735	50.48072289	1.354216867	2.806024096
E018	11.8313253	32.68554217	51.22771084	2.254216867	2.001204819
E019	1.46626506	42.83253012	53.50240964	1.196385542	1.002409639
E020	4.631325301	24.13614458	65.62168675	1.98313253	3.627710843
E021	3.45060241	45.94578313	48.59638554	1.279518072	0.727710843
E022	2.601204819	38.90240964	56.89759036	0.743373494	0.855421687
E023	5.808433735	34.90120482	54.30963855	2.406024096	2.574698795
E024	2.655421687	45.32409639	50.47108434	0.719277108	0.830120482
E025	2.324096386	54.86144578	40.95301205	1.144578313	0.71686747
E026	5.161445783	43.97228916	46.8313253	1.880722892	2.154216867
E027	2.954216867	50.06626506	44.7313253	1.178313253	1.069879518
E028	1.580722892	48.10240964	48.6313253	1.13253012	0.553012048
E030	3.242168675	36.53253012	56.86144578	1.110843373	2.253012048
E031	2.955421687	44.29156627	49.95542169	1.175903614	1.621686747
E032	4.301204819	60.96987952	32.79036145	1.043373494	0.895180723
E033	1.996385542	55.50722892	40.87951807	0.985542169	0.631325301
E034	2.012048193	50.02289157	46.27710843	0.731325301	0.956626506
E035	1.575903614	49.48554217	43.21445783	5.06746988	0.656626506
E036	2.942168675	31.98915663	63.1253012	0.827710843	1.115662651
G007	1.710843373	57.06506024	35.87590361	1.902409639	3.445783133
G008	1.225301205	61.09759036	32.48192771	1.375903614	3.819277108
G009	3.036144578	48.03855422	45.83493976	1.356626506	1.73373494
G010	6.057831325	44.91325301	45.52168675	1.522891566	1.984337349
G017	3.406024096	35.93855422	53.81566265	3.802409639	3.037349398
G018	4.713253012	29.84216867	61.61325301	1.160240964	2.671084337
G021	1.777108434	32.58674699	62.17349398	1.201204819	2.261445783
G026	5.531325301	35.43253012	52.39879518	1.491566265	5.145783133
G027	8.604819277	23.11325301	62.62048193	1.757831325	3.903614458
N001	5.185542169	42.37831325	44.05783133	3.187951807	5.190361446
N002	7.871084337	31.82650602	54.87349398	2.279518072	3.14939759
N003	6.665060241	37.96746988	50.07831325	2.928915663	2.360240964
N004	5.774698795	34.58674699	53.03012048	3.401204819	3.207228916
N005	6.621686747	19.03614458	62.08674699	9.030120482	3.225301205
N006	3.545783133	25.55180723	68.44216867	1.165060241	1.295180723
N007	4.456626506	40.01807229	52.35783133	1.414457831	1.753012048
N008	5.636144578	33.39759036	53.71204819	3.656626506	3.597590361
N009	4.246987952	49.75542169	41.06144578	1.697590361	3.238554217
N011	2.355421687	51.40963855	44.25783133	1.046987952	0.930120482
N012	5.391566265	49.48795181	42.1	1.345783133	1.674698795
N013	3.131325301	60.70361446	34.33253012	1.026506024	0.806024096
N014	2.697590361	56.23493976	39.01445783	0.955421687	1.097590361
N031	3.531325301	50.94337349	43.58192771	1.009638554	0.93373494
N032	1.342168675	43.86144578	53.74216867	0.539759036	0.514457831
N039	4.326506024	37.36746988	55.03253012	1.979518072	1.293975904
N040	6.151807229	58.45903614	32.57951807	1.424096386	1.385542169
N041	5.35060241	40.7253012	49.57228916	2.559036145	1.792771084
N042	7.051807229	48.63253012	42.03012048	1.162650602	1.122891566
N043	6.868674699	51.92409639	38.14457831	1.473493976	1.589156627
N044	3.778313253	48.71927711	44.81325301	1.677108434	1.012048193
N045	3.54939759	57.14578313	36.13253012	1.685542169	1.486746988
N046	2.361445783	45.33975904	49.92771084	1.434939759	0.936144578
X001	2.718072289	24.95060241	69.75180723	1.003614458	1.575903614
X002	7.91686747	33.47349398	53.97590361	2.68313253	1.95060241
X003	2.227710843	32.57108434	63.49518072	0.655421687	1.05060241
X004	6.351807229	38.12048193	53.20843373	1.091566265	1.227710843
X005	8.485542169	27.84457831	60.0060241	1.201204819	2.462650602
X006	2.769879518	25.81204819	69.92168675	0.679518072	0.81686747
X007	7.463855422	22.21325301	68.66626506	0.680722892	0.975903614
X008	3.031325301	41.75301205	54.06144578	0.531325301	0.622891566
X009	17.3939759	28.06626506	52.08433735	1.338554217	1.11686747
X010	2.330120482	39.6746988	56.11445783	0.86626506	1.014457831
X011	6.237349398	25.3373494	66.12650602	0.884337349	1.414457831
X012	6.7	24.83253012	65.44819277	1.155421687	1.863855422
X014	14.35060241	21.76626506	60.8253012	1.14939759	1.908433735
X015	3.614457831	48.58795181	46.0939759	0.83253012	0.871084337
X016	2.875903614	37.01445783	58.09518072	1.069879518	0.944578313
X017	7.137349398	42.91807229	46.91807229	0.85060241	2.175903614
X018	6.702409639	28.10361446	61.98433735	1.95060241	1.259036145
X019	1.61686747	20.92048193	76.16024096	0.631325301	0.671084337
X020	6.557831325	39.86024096	51.31204819	0.875903614	1.393975904
X021	2.951807229	24.51927711	70.89277108	0.824096386	0.812048193
X022	2.459036145	27.50963855	68.45301205	0.736144578	0.842168675
X023	1.624096386	43.38192771	53.50240964	0.58313253	0.908433735
X024	3.457831325	36.29759036	58.74096386	0.659036145	0.844578313
X025	2.706024096	30.39036145	65.00120482	0.772289157	1.130120482
X026	3.680722892	54.29036145	39.89759036	1.025301205	1.106024096
X027	10.28072289	43.08915663	44.08433735	0.728915663	1.81686747
X028	9.989156627	34.88674699	50.59879518	1.845783133	2.679518072
X029	14.97108434	28.4686747	50.2	2.669879518	3.690361446
X030	3.577108434	56.02891566	37.71204819	1.143373494	1.538554217
X031	8.659036145	32.24939759	55.89759036	0.91686747	2.277108434
X032	6.179518072	50.0626506	40.18072289	0.908433735	2.668674699
X033	7.563855422	35.57108434	51.77951807	1.051807229	4.03373494
X034	7.14939759	24.53373494	64.95060241	1.224096386	2.142168675
X035	8.968674699	41.64819277	46.94578313	0.753012048	1.684337349
X036	2.620481928	46.08192771	49.48795181	0.853012048	0.956626506
X038	5.419277108	33.39879518	56.85903614	1.440963855	2.881927711
X039	13.46144578	13.05060241	67.09277108	1.545783133	4.84939759
X040	2.615662651	41.07831325	55.18674699	0.506024096	0.613253012
X041	6.9	32.02650602	57.89156627	1.212048193	1.969879518
X042	9.593975904	40.35180723	46.33614458	1.621686747	2.096385542
X043	4.574698795	40.5626506	52.9313253	0.913253012	1.018072289
X044	9.497590361	36.25542169	49.69759036	1.451807229	3.097590361
X045	3.810843373	49.50843373	44.65180723	1.110843373	0.918072289
X046	4.172289157	33.00722892	60.84337349	1.004819277	0.972289157
X047	4.96626506	46.38915663	45.43975904	0.981927711	2.222891566
X048	2.631325301	24.84096386	70.89277108	0.718072289	0.91686747
X049	7.998795181	35.39759036	52.89518072	1.925301205	1.78313253
X050	3.404819277	44.46626506	49.7313253	1.422891566	0.974698795
X051	3.36626506	46.84939759	47.91807229	0.884337349	0.981927711
X052	2.565060241	45.47228916	50.04578313	0.927710843	0.989156627
X053	2.03253012	42.39518072	53.92650602	0.734939759	0.910843373
X055	9.8	19.13614458	65.73614458	2.365060241	2.962650602
X056	5.813253012	27.69518072	63.64096386	1.010843373	1.839759036
X057	5.639759036	30.9313253	60.49036145	1.507228916	1.431325301
X058	4.997590361	39.97228916	52.52891566	1.110843373	1.390361446
X059	5.885542169	24.18554217	67.1373494	1.204819277	1.586746988
X060	3.939759036	44.65783133	49.26385542	0.987951807	1.15060241
X062	5.48313253	27.54096386	64.97228916	0.843373494	1.160240964
X063	10.32048193	22.89156627	63.35060241	1.63373494	1.803614458
X065	2.471084337	50.75903614	44.75542169	0.924096386	1.090361446
X066	2.995180723	47.3313253	47.91204819	0.693975904	1.06746988
X067	2.746987952	44.01204819	51.69759036	0.772289157	0.771084337
X068	9.757831325	31.43493976	55.1	1.371084337	2.336144578
X069	7.525301205	34.51445783	53.78795181	1.64939759	2.522891566
Y001	4.156626506	40.63493976	53.88072289	0.665060241	0.662650602
Y002	1.907228916	37.43975904	57.5060241	1.144578313	2.002409639
Y004	7.859036145	23.46987952	65.94216867	1.412048193	1.31686747
Y005	4.509638554	32.02289157	60.23855422	1.24939759	1.979518072
Y006	2.398795181	31.24819277	63.48554217	1.220481928	1.646987952
Y007	6.118072289	21.5	68.2373494	2.160240964	1.984337349
Y008	14.42168675	19.58192771	60.92168675	2.140963855	2.93373494
Y009	12.11566265	19.45542169	62.5060241	2.659036145	3.263855422
Y010	6.489156627	29.6746988	60.52048193	1.51686747	1.798795181
Y011	5.054216867	28.4060241	61.78433735	2.180722892	2.574698795
Y012	2.03253012	33.01325301	61.98072289	1.626506024	1.346987952
Y013	14.02771084	41.54819277	41.70963855	1.608433735	1.106024096
Y014	2.444578313	43.02168675	51.6626506	1.526506024	1.344578313
Y015	1.592771084	28.37951807	67.99156627	1.075903614	0.960240964
Y016	2.869879518	46.95662651	47.88072289	1.030120482	1.262650602
Y017	3.439759036	47.86506024	45.54819277	1.226506024	1.920481928
Y018	2.371084337	24.50120482	70.90361446	1.451807229	0.772289157
Y019	2.042168675	30.59518072	65.52409639	1.097590361	0.740963855
Y020	3.498795181	25.10722892	68.99277108	1.5	0.901204819
Y021	2.104819277	33.35060241	61.61566265	2.091566265	0.837349398
Y022	10.84337349	33.41807229	50.7373494	2.692771084	2.308433735
Y023	2.086746988	70.65783133	25.62409639	1.003614458	0.627710843
Y024	5.86746988	34.65060241	56.57831325	1.524096386	1.379518072
Y025	2.927710843	18.31445783	76.51686747	1.146987952	1.093975904
Y026	8.956626506	28.18554217	58.87590361	1.610843373	2.371084337
Y027	1.285542169	18.70722892	78.22289157	0.836144578	0.948192771
Y028	7.442168675	15.84939759	71.51566265	2.16746988	3.025301205
Y029	4.069879518	28.25903614	64.75301205	1.544578313	1.373493976
Y030	5.201204819	9.742168675	82.47710843	1.344578313	1.234939759
Y031	4.242168675	41.47951807	52.41445783	0.878313253	0.985542169
Y032	1.334939759	32.92409639	63.63975904	0.891566265	1.209638554
Y033	2.734939759	26.91927711	68.24096386	0.954216867	1.15060241
Y034	1.707228916	21.95421687	74.52771084	0.704819277	1.106024096
Y035	2.468674699	25.27228916	69.61445783	1.15060241	1.493975904
Y036	1.691566265	38.10843373	58.22409639	0.806024096	1.169879518
Y037	2.624096386	51.36385542	44.61807229	0.66626506	0.727710843
Y038	3.938554217	35.77108434	57.38433735	1.291566265	1.614457831
